# Matter power spectrum P(k) at redshift z=99
# for k=1.04206e-05 to 742.666 h/Mpc,
# number of wavenumbers equal to 414
#    1:k (h/Mpc)              2:P (Mpc/h)^3        
       1.042057218184e-05       7.297948882561e-03 
       1.091167861863e-05       7.628493973567e-03 
       1.142593018872e-05       7.974010292906e-03 
       1.196441768865e-05       8.335175938322e-03 
       1.252828332259e-05       8.712698928212e-03 
       1.311872312515e-05       9.107321703477e-03 
       1.373698949832e-05       9.519817975542e-03 
       1.438439386797e-05       9.950997370094e-03 
       1.506230946556e-05       1.040170598463e-02 
       1.577217424096e-05       1.087283008497e-02 
       1.651549391254e-05       1.136529055131e-02 
       1.729384516098e-05       1.188005598743e-02 
       1.810887897364e-05       1.241813644284e-02 
       1.896232414650e-05       1.298058806674e-02 
       1.985599095119e-05       1.356851424169e-02 
       2.079177497483e-05       1.418306920634e-02 
       2.177166114080e-05       1.482545871006e-02 
       2.279772791902e-05       1.549694291231e-02 
       2.387215173470e-05       1.619884087229e-02 
       2.499721158481e-05       1.693252884728e-02 
       2.617529387212e-05       1.769944717848e-02 
       2.740889746712e-05       1.850109950016e-02 
       2.870063900842e-05       1.933906113116e-02 
       3.005325845302e-05       2.021497547171e-02 
       3.146962488811e-05       2.113056137361e-02 
       3.295274261680e-05       2.208761550187e-02 
       3.450575753062e-05       2.308801589603e-02 
       3.613196378243e-05       2.413372560026e-02 
       3.783481077373e-05       2.522679653320e-02 
       3.961791047127e-05       2.636937366263e-02 
       4.148504506860e-05       2.756369910626e-02 
       4.344017500851e-05       2.881211584875e-02 
       4.548744738373e-05       3.011707323032e-02 
       4.763120473347e-05       3.148113299408e-02 
       4.987599425447e-05       3.290696834984e-02 
       5.222657744628e-05       3.439738084940e-02 
       5.468794021099e-05       3.595529223399e-02 
       5.726530342903e-05       3.758375821593e-02 
       5.996413403334e-05       3.928597628427e-02 
       6.279015660546e-05       4.106528197222e-02 
       6.574936551816e-05       4.292516915110e-02 
       6.884803765030e-05       4.486928279820e-02 
       7.209274570091e-05       4.690143912305e-02 
       7.549037213080e-05       4.902562181383e-02 
       7.904812376114e-05       5.124599679233e-02 
       8.277354706016e-05       5.356691926359e-02 
       8.667454415012e-05       5.599294118888e-02 
       9.075938956889e-05       5.852881758548e-02 
       9.503674782126e-05       6.117952132034e-02 
       9.951569175756e-05       6.395024796517e-02 
       1.042057218184e-04       6.684643039119e-02 
       1.091167861863e-04       6.987374360487e-02 
       1.142593018872e-04       7.303812035714e-02 
       1.196441768865e-04       7.634576175891e-02 
       1.252828332259e-04       7.980314758043e-02 
       1.311872312515e-04       8.341705025255e-02 
       1.373698949832e-04       8.719454727768e-02 
       1.438439386797e-04       9.114303558043e-02 
       1.506230946556e-04       9.527024467416e-02 
       1.577217424096e-04       9.958425183064e-02 
       1.651549391254e-04       1.040934982313e-01 
       1.729384516098e-04       1.088068048148e-01 
       1.810887897364e-04       1.137333876928e-01 
       1.896232414650e-04       1.188828771410e-01 
       1.985599095119e-04       1.242653350296e-01 
       2.079177497483e-04       1.298912739408e-01 
       2.177166114080e-04       1.357716784226e-01 
       2.279772791902e-04       1.419180213375e-01 
       2.387215173470e-04       1.483422899629e-01 
       2.499721158481e-04       1.550570052606e-01 
       2.617529387212e-04       1.620752451834e-01 
       2.740889746712e-04       1.694106697682e-01 
       2.870063900842e-04       1.770775425831e-01 
       3.005325845302e-04       1.850907611006e-01 
       3.146962488811e-04       1.934658793824e-01 
       3.295274261680e-04       2.022191373742e-01 
       3.450575753062e-04       2.113674869568e-01 
       3.613196378243e-04       2.209286246242e-01 
       3.783481077373e-04       2.309210160812e-01 
       3.961791047127e-04       2.413639335489e-01 
       4.148504506860e-04       2.522774822021e-01 
       4.344017500851e-04       2.636826341625e-01 
       4.548744738373e-04       2.756012616352e-01 
       4.763120473347e-04       2.880561697033e-01 
       4.987599425447e-04       3.010711335705e-01 
       5.222657744628e-04       3.146709246373e-01 
       5.468794021099e-04       3.288813562368e-01 
       5.726530342903e-04       3.437293099708e-01 
       5.996413403334e-04       3.592427673768e-01 
       6.279015660546e-04       3.754508620145e-01 
       6.574936551816e-04       3.923838839750e-01 
       6.884803765030e-04       4.100733362963e-01 
       7.209274570091e-04       4.285519543133e-01 
       7.549037213080e-04       4.478537365581e-01 
       7.904812376115e-04       4.680139638773e-01 
       8.277354706016e-04       4.890692356002e-01 
       8.667454415012e-04       5.110574730933e-01 
       9.075938956889e-04       5.340179461536e-01 
       9.503674782126e-04       5.579912691778e-01 
       9.951569175756e-04       5.830194099895e-01 
       1.042057218184e-03       6.091456773297e-01 
       1.091167861863e-03       6.364147074772e-01 
       1.142593018872e-03       6.648724308775e-01 
       1.196441768865e-03       6.945660369343e-01 
       1.252828332259e-03       7.255439086617e-01 
       1.311872312515e-03       7.578555490974e-01 
       1.373698949832e-03       7.915486201637e-01 
       1.438439386797e-03       8.266754850365e-01 
       1.506230946556e-03       8.632898189108e-01 
       1.577217424096e-03       9.014443469254e-01 
       1.651549391254e-03       9.411921612789e-01 
       1.729384516098e-03       9.825864921212e-01 
       1.810887897364e-03       1.025680385371e+00 
       1.896232414650e-03       1.070526391036e+00 
       1.985599095119e-03       1.117176160356e+00 
       2.079177497483e-03       1.165680021210e+00 
       2.177166114080e-03       1.216086450171e+00 
       2.279772791902e-03       1.268441468417e+00 
       2.387215173470e-03       1.322788102049e+00 
       2.499721158481e-03       1.379165475928e+00 
       2.617529387212e-03       1.437608167282e+00 
       2.740889746712e-03       1.498145280243e+00 
       2.870063900842e-03       1.560799379907e+00 
       3.005325845302e-03       1.625585526520e+00 
       3.146962488811e-03       1.692510049527e+00 
       3.295274261680e-03       1.761569455072e+00 
       3.450575753062e-03       1.832748995799e+00 
       3.613196378243e-03       1.906021276929e+00 
       3.783481077373e-03       1.981345146901e+00 
       3.961791047127e-03       2.058664236512e+00 
       4.148504506860e-03       2.137905083226e+00 
       4.344017500851e-03       2.218976641719e+00 
       4.548744738373e-03       2.301768164544e+00 
       4.763120473347e-03       2.386148923685e+00 
       4.987599425447e-03       2.471966960903e+00 
       5.222657744628e-03       2.559048205966e+00 
       5.468794021099e-03       2.647195933688e+00 
       5.726530342903e-03       2.736190678260e+00 
       5.996413403334e-03       2.825795397845e+00 
       6.279015660546e-03       2.915745338319e+00 
       6.574936551816e-03       3.005758748645e+00 
       6.884803765030e-03       3.095535020649e+00 
       7.209274570091e-03       3.184754474924e+00 
       7.549037213080e-03       3.273082249706e+00 
       7.904812376115e-03       3.360171264626e+00 
       8.277354706016e-03       3.445655703357e+00 
       8.667454415012e-03       3.529161983142e+00 
       9.075938956889e-03       3.610300902239e+00 
       9.503674782126e-03       3.688671244437e+00 
       9.951569175756e-03       3.763854350995e+00 
       1.042057218184e-02       3.835414189632e+00 
       1.091167861863e-02       3.902895133995e+00 
       1.142593018872e-02       3.965814985079e+00 
       1.196441768865e-02       4.023666556753e+00 
       1.252828332259e-02       4.075917500110e+00 
       1.311872312515e-02       4.122010217232e+00 
       1.373698949832e-02       4.161369853433e+00 
       1.438439386796e-02       4.193408847212e+00 
       1.506230946554e-02       4.217543670239e+00 
       1.577217424087e-02       4.233206391068e+00 
       1.651549391207e-02       4.239860859220e+00 
       1.729384515866e-02       4.237007090750e+00 
       1.810887896319e-02       4.224209120623e+00 
       1.896232410302e-02       4.201097010747e+00 
       1.985599078335e-02       4.167376716177e+00 
       2.079177437209e-02       4.122872853930e+00 
       2.177165912134e-02       4.067490591172e+00 
       2.279772158808e-02       4.001304452938e+00 
       2.387213311158e-02       3.924545597709e+00 
       2.499716004003e-02       3.837626692591e+00 
       2.617515927750e-02       3.741178435311e+00 
       2.740856503131e-02       3.636047119851e+00 
       2.869986042181e-02       3.523271092095e+00 
       3.005152523392e-02       3.404151564059e+00 
       3.146594943958e-02       3.280191064546e+00 
       3.294530279509e-02       3.153061310994e+00 
       3.449135606481e-02       3.024626192040e+00 
       3.610526155244e-02       2.896862986388e+00 
       3.778732039186e-02       2.771752149953e+00 
       3.953678793880e-02       2.651227998231e+00 
       4.135178632167e-02       2.537031377970e+00 
       4.322938920083e-02       2.430597499911e+00 
       4.516590652002e-02       2.332936369277e+00 
       4.715733303723e-02       2.244552441342e+00 
       4.919986312654e-02       2.165483866039e+00 
       5.129035122028e-02       2.095158158189e+00 
       5.342662550051e-02       2.032531856289e+00 
       5.560762206593e-02       1.976241304019e+00 
       5.783336306677e-02       1.924639240393e+00 
       6.010483232078e-02       1.875917842035e+00 
       6.242380427240e-02       1.828207943278e+00 
       6.479266835207e-02       1.779696980185e+00 
       6.721427313807e-02       1.728760885852e+00 
       6.969180033090e-02       1.674073162954e+00 
       7.222866943879e-02       1.614725699926e+00 
       7.482846949272e-02       1.550317916276e+00 
       7.749491251680e-02       1.481024744498e+00 
       8.023180350846e-02       1.407606829843e+00 
       8.304302241959e-02       1.331378303968e+00 
       8.593251455879e-02       1.254090078696e+00 
       8.890428671088e-02       1.177787718063e+00 
       9.196240700056e-02       1.104590580450e+00 
       9.511100709778e-02       1.036486778105e+00 
       9.835428579040e-02       9.751131972759e-01 
       1.016965132631e-01       9.215736192432e-01 
       1.051420356474e-01       8.762960738534e-01 
       1.086952795687e-01       8.389756309713e-01 
       1.123607565326e-01       8.085405512260e-01 
       1.161430670746e-01       7.832207387754e-01 
       1.200469046580e-01       7.606923420862e-01 
       1.240770593490e-01       7.383519163242e-01 
       1.282384213322e-01       7.137122307066e-01 
       1.325359843558e-01       6.848899025644e-01 
       1.369748492171e-01       6.510573595702e-01 
       1.415602274176e-01       6.127109224882e-01 
       1.462974451322e-01       5.716113233079e-01 
       1.511919476512e-01       5.303861305597e-01 
       1.562493044673e-01       4.918803090715e-01 
       1.614752151909e-01       4.584485210923e-01 
       1.668755164898e-01       4.313503495202e-01 
       1.724561902605e-01       4.104504888439e-01 
       1.782233732497e-01       3.942271192304e-01 
       1.841833683576e-01       3.802571473754e-01 
       1.903426578665e-01       3.657770339414e-01 
       1.967079188535e-01       3.484566130953e-01 
       2.032860410632e-01       3.276615503770e-01 
       2.100841475335e-01       3.046638057987e-01 
       2.171096182960e-01       2.818767347930e-01 
       2.243701174962e-01       2.615935280975e-01 
       2.318736243191e-01       2.451363682742e-01 
       2.396284681487e-01       2.324203279881e-01 
       2.476433684457e-01       2.218959081780e-01 
       2.559274798980e-01       2.113878260374e-01 
       2.644904434850e-01       1.994313207814e-01 
       2.733424442014e-01       1.860055148944e-01 
       2.824942763192e-01       1.724313642261e-01 
       2.919574172247e-01       1.604116065508e-01 
       3.017441110620e-01       1.506338437594e-01 
       3.118674636481e-01       1.424295604152e-01 
       3.223415504076e-01       1.345322231817e-01 
       3.331815394072e-01       1.260470024253e-01 
       3.444038319698e-01       1.172545154547e-01 
       3.560262238099e-01       1.090558313413e-01 
       3.680680901694e-01       1.020152877588e-01 
       3.805505990426e-01       9.580542521228e-02 
       3.934969572568e-01       8.972739285148e-02 
       4.069326948959e-01       8.357705248707e-02 
       4.208859942806e-01       7.770895587091e-02 
       4.353880703627e-01       7.242724532773e-02 
       4.504736098127e-01       6.761853855135e-02 
       4.661812760344e-01       6.296672454268e-02 
       4.825542864426e-01       5.844876746359e-02 
       4.996410659729e-01       5.426438434393e-02 
       5.174959760438e-01       5.041190892345e-02 
       5.361801096978e-01       4.672914487284e-02 
       5.557621295778e-01       4.322949004734e-02 
       5.763191033786e-01       3.997365522191e-02 
       5.979372589125e-01       3.691101247762e-02 
       6.207125360801e-01       3.400828893199e-02 
       6.447507567176e-01       3.129166921752e-02 
       6.701671728186e-01       2.873883513122e-02 
       6.970851083714e-01       2.633774161997e-02 
       7.256334171331e-01       2.409124852460e-02 
       7.559425930456e-01       2.198670573043e-02 
       7.881396477234e-01       2.002246287448e-02 
       8.223423219667e-01       1.819390778927e-02 
       8.586537247236e-01       1.649839123491e-02 
       8.971588423407e-01       1.493139360643e-02 
       9.379242156745e-01       1.349033317130e-02 
       9.810012951013e-01       1.216976637442e-02 
       1.026432805893e+00       1.096425680515e-02 
       1.074260479186e+00       9.867537005913e-03 
       1.124532245521e+00       8.872652582258e-03 
       1.177307501711e+00       7.972405045026e-03 
       1.232659951151e+00       7.159185398522e-03 
       1.290678297961e+00       6.425453619464e-03 
       1.351465487131e+00       5.764055093430e-03 
       1.415137235474e+00       5.168652805208e-03 
       1.481820436900e+00       4.632741046163e-03 
       1.551651797649e+00       4.150812280861e-03 
       1.624776854962e+00       3.717599641445e-03 
       1.701349393426e+00       3.328395776482e-03 
       1.781531198454e+00       2.978821827410e-03 
       1.865492061210e+00       2.665033773456e-03 
       1.953409954423e+00       2.383498633921e-03 
       2.045471317084e+00       2.130954899558e-03 
       2.141871406774e+00       1.904546313001e-03 
       2.242814695326e+00       1.701643312875e-03 
       2.348515295225e+00       1.519875681669e-03 
       2.459197411109e+00       1.357102798137e-03 
       2.575095814454e+00       1.211374793810e-03 
       2.696456341279e+00       1.080983717611e-03 
       2.823536413526e+00       9.643419300529e-04 
       2.956605585064e+00       8.600304488177e-04 
       3.095946113447e+00       7.667960286639e-04 
       3.241853558618e+00       6.834720656505e-04 
       3.394637409829e+00       6.090362869664e-04 
       3.554621742114e+00       5.425646859394e-04 
       3.722145903690e+00       4.832188562926e-04 
       3.897565235764e+00       4.302541017135e-04 
       4.081251826259e+00       3.829981496659e-04 
       4.273595299061e+00       3.408490454315e-04 
       4.475003640463e+00       3.032618354436e-04 
       4.685904064560e+00       2.697564325339e-04 
       4.906743919429e+00       2.398969135948e-04 
       5.137991636009e+00       2.132921273380e-04 
       5.380137721712e+00       1.895966484456e-04 
       5.633695800850e+00       1.684936928545e-04 
       5.899203704105e+00       1.497085974654e-04 
       6.177224609336e+00       1.329876756674e-04 
       6.468348236158e+00       1.181105661581e-04 
       6.773192096816e+00       1.048751783739e-04 
       7.092402806008e+00       9.310414685531e-05 
       7.426657452448e+00       8.263790450419e-05 
       7.776665035053e+00       7.333370533203e-05 
       8.143167966833e+00       6.506452297202e-05 
       8.526943649645e+00       5.771656345310e-05 
       8.928806123164e+00       5.118908226586e-05 
       9.349607791577e+00       4.539149238153e-05 
       9.790241231639e+00       4.024319425240e-05 
       1.025164108595e+01       3.567242331869e-05 
       1.073478604547e+01       3.161522345342e-05 
       1.124070092543e+01       2.801497749667e-05 
       1.177045883913e+01       2.481992555749e-05 
       1.232518347411e+01       2.198583823449e-05 
       1.290605147570e+01       1.947212448266e-05 
       1.351429494282e+01       1.724307885036e-05 
       1.415120404141e+01       1.526672006997e-05 
       1.481812974105e+01       1.351486079341e-05 
       1.551648668058e+01       1.196199273105e-05 
       1.624775616868e+01       1.058608811003e-05 
       1.701348932600e+01       9.366993604687e-06 
       1.781531037521e+01       8.287056242155e-06 
       1.865492008627e+01       7.330527332025e-06 
       1.953409938394e+01       6.483513055714e-06 
       2.045471312539e+01       5.733565476173e-06 
       2.141871405579e+01       5.069609342047e-06 
       2.242814695036e+01       4.481963643120e-06 
       2.348515295160e+01       3.961914228483e-06 
       2.459197411096e+01       3.501681007743e-06 
       2.575095814452e+01       3.094526889489e-06 
       2.696456341279e+01       2.734338265286e-06 
       2.823536413526e+01       2.415788068619e-06 
       2.956605585064e+01       2.134057549854e-06 
       3.095946113447e+01       1.884958610897e-06 
       3.241853558618e+01       1.664703321851e-06 
       3.394637409829e+01       1.470040373274e-06 
       3.554621742114e+01       1.297939985915e-06 
       3.722145903690e+01       1.145866858272e-06 
       3.897565235764e+01       1.011490601900e-06 
       4.081251826259e+01       8.927701522862e-07 
       4.273595299061e+01       7.878829201158e-07 
       4.475003640463e+01       6.952465235358e-07 
       4.685904064560e+01       6.134233465884e-07 
       4.906743919429e+01       5.411626451711e-07 
       5.137991636009e+01       4.773619315998e-07 
       5.380137721712e+01       4.210368128124e-07 
       5.633695800850e+01       3.713141071686e-07 
       5.899203704105e+01       3.274258434332e-07 
       6.177224609336e+01       2.886914311015e-07 
       6.468348236158e+01       2.545083317897e-07 
       6.773192096816e+01       2.243485568428e-07 
       7.092402806008e+01       1.977395126360e-07 
       7.426657452448e+01       1.742661869822e-07 
       7.776665035053e+01       1.535610042496e-07 
       8.143167966833e+01       1.353002139030e-07 
       8.526943649645e+01       1.191964614620e-07 
       8.928806123164e+01       1.049973868080e-07 
       9.349607791577e+01       9.247687162037e-08 
       9.790241231639e+01       8.143962484012e-08 
       1.025164108595e+02       7.171086165733e-08 
       1.073478604547e+02       6.313558255881e-08 
       1.124070092543e+02       5.557819659524e-08 
       1.177045883913e+02       4.891917052570e-08 
       1.232518347411e+02       4.305151984931e-08 
       1.290605147570e+02       3.788179175985e-08 
       1.351429494282e+02       3.332846913450e-08 
       1.415120404141e+02       2.931721629946e-08 
       1.481812974105e+02       2.578472375123e-08 
       1.551648668058e+02       2.267395026086e-08 
       1.624775616868e+02       1.993506484981e-08 
       1.701348932600e+02       1.752373983594e-08 
       1.781531037521e+02       1.540107094704e-08 
       1.865492008627e+02       1.353280951371e-08 
       1.953409938394e+02       1.188856215269e-08 
       2.045471312539e+02       1.044172039780e-08 
       2.141871405579e+02       9.168936492058e-09 
       2.242814695036e+02       8.049203457743e-09 
       2.348515295160e+02       7.064352094030e-09 
       2.459197411096e+02       6.198213395009e-09 
       2.575095814452e+02       5.436727862584e-09 
       2.696456341279e+02       4.767294465998e-09 
       2.823536413526e+02       4.179021439076e-09 
       2.956605585064e+02       3.662009719613e-09 
       3.095946113447e+02       3.207823602469e-09 
       3.241853558618e+02       2.808902060787e-09 
       3.394637409829e+02       2.458629194749e-09 
       3.554621742114e+02       2.151123629850e-09 
       3.722145903690e+02       1.881277921073e-09 
       3.897565235764e+02       1.644589117545e-09 
       4.081251826259e+02       1.436982449277e-09 
       4.273595299061e+02       1.255015494621e-09 
       4.475003640463e+02       1.095535169087e-09 
       4.685904064560e+02       9.558726505079e-10 
       4.906743919429e+02       8.336093621647e-10 
       5.137991636009e+02       7.266458763257e-10 
       5.380137721712e+02       6.331236524278e-10 
       5.633695800850e+02       5.513766460431e-10 
       5.899203704105e+02       4.799917082659e-10 
       6.177224609336e+02       4.176838294697e-10 
       6.468348236158e+02       3.633568132709e-10 
       6.773192096816e+02       3.160120669145e-10 
       7.092402806008e+02       2.747814420753e-10 
       7.426657452448e+02       2.389068372172e-10 
