1.042057218172897393e-05 7.036196859501608544e-03
1.091167861851345719e-05 7.356292170599703154e-03
1.142593018860204220e-05 7.690949366695723141e-03
1.196441768852180021e-05 8.040830916823140523e-03
1.252828332245633247e-05 8.406628669150872923e-03
1.311872312501400081e-05 8.789068163859567115e-03
1.373698949817766999e-05 9.188905744810663481e-03
1.438439386781724001e-05 9.606933007961768189e-03
1.506230946539973148e-05 1.004397728734943325e-02
1.577217424079734186e-05 1.050090544181836102e-02
1.651549391237192247e-05 1.097861833549080082e-02
1.729384516080548158e-05 1.147806367983662292e-02
1.810887897345132225e-05 1.200022994030218101e-02
1.896232414629954625e-05 1.254615089108720126e-02
1.985599095098516086e-05 1.311690675556055272e-02
2.079177497461689048e-05 1.371362774578440726e-02
2.177166114057161629e-05 1.433749474982862725e-02
2.279772791878294740e-05 1.498974220243068887e-02
2.387215173445464276e-05 1.567166240833601371e-02
2.499721158455025613e-05 1.638460405847083981e-02
2.617529387185124040e-05 1.712997883309883354e-02
2.740889746683719739e-05 1.790926082451011619e-02
2.870063900812521197e-05 1.872399458433317287e-02
3.005325845271116246e-05 1.957579179731695415e-02
3.146962488778586400e-05 2.046633844763336499e-02
3.295274261645366750e-05 2.139739718128148838e-02
3.450575753026213376e-05 2.237081082991900643e-02
3.613196378205977844e-05 2.338850600520385459e-02
3.783481077333595091e-05 2.445249692736329791e-02
3.961791047086380573e-05 2.556488956169661667e-02
4.148504506816615194e-05 2.672788545564910162e-02
4.344017500805495420e-05 2.794378634653292212e-02
4.548744738326155414e-05 2.921499830826337907e-02
4.763120473297636598e-05 3.054403807576037619e-02
4.987599425395667805e-05 3.193353300995739608e-02
5.222657744574067619e-05 3.338623681373178304e-02
5.468794021042629248e-05 3.490502197969633236e-02
5.726530342843809109e-05 3.649289395928738411e-02
5.996413403271457784e-05 3.815299527010896502e-02
6.279015660480595984e-05 3.988860935230775090e-02
6.574936551747906019e-05 4.170317301914980290e-02
6.884803764958574886e-05 4.360027318612511027e-02
7.209274570016439160e-05 4.558366598501122774e-02
7.549037213001587266e-05 4.765727316040374584e-02
7.904812376032561581e-05 4.982519666150812127e-02
8.277354705929757634e-05 5.209172555028683538e-02
8.667454414922508624e-05 5.446134382112803596e-02
9.075938956795167158e-05 5.693873589009717379e-02
9.503674782027520310e-05 5.952880210296968011e-02
9.951569175652426693e-05 6.223666330373523597e-02
1.042057218172901391e-04 6.506767449177021378e-02
1.091167861851349683e-04 6.802743163240797253e-02
1.142593018860208387e-04 7.112178453326277461e-02
1.196441768852184357e-04 7.435685137005847156e-02
1.252828332245637787e-04 7.773902288677399242e-02
1.311872312501404859e-04 8.127498221219747743e-02
1.373698949817771979e-04 8.497171419796054059e-02
1.438439386781729219e-04 8.883652040293008034e-02
1.506230946539978671e-04 9.287703213190165452e-02
1.577217424079740082e-04 9.710122558500099144e-02
1.651549391237198277e-04 1.015174379165910412e-01
1.729384516080554528e-04 1.061343830507374131e-01
1.810887897345138798e-04 1.109611670683606915e-01
1.896232414629961741e-04 1.160073073216565526e-01
1.985599095098523404e-04 1.212827488509746754e-01
2.079177497461696977e-04 1.267978853703351505e-01
2.177166114057169761e-04 1.325635785622794049e-01
2.279772791878303549e-04 1.385911751701817407e-01
2.387215173445473627e-04 1.448925338868120860e-01
2.499721158455035439e-04 1.514800425086811619e-01
2.617529387185133730e-04 1.583666433564183684e-01
2.740889746683729971e-04 1.655658564777832964e-01
2.870063900812532378e-04 1.730918050563146071e-01
3.005325845271128037e-04 1.809592383958510131e-01
3.146962488778598868e-04 1.891835620016952824e-01
3.295274261645379354e-04 1.977808632028189295e-01
3.450575753026226657e-04 2.067679379300399189e-01
3.613196378205992074e-04 2.161623232282718077e-01
3.783481077333609999e-04 2.259823227568117654e-01
3.961791047086396294e-04 2.362470430844694769e-01
4.148504506816631321e-04 2.469764207248334453e-01
4.344017500805512767e-04 2.581912564766110640e-01
4.548744738326174252e-04 2.699132482580611780e-01
4.763120473297655978e-04 2.821650242483514370e-01
4.987599425395688405e-04 2.949701805346343630e-01
5.222657744574088490e-04 3.083533070420905742e-01
5.468794021042651474e-04 3.223400337157835138e-01
5.726530342843832826e-04 3.369570570417421140e-01
5.996413403271483398e-04 3.522321733591805559e-01
6.279015660480622004e-04 3.681943262156232577e-01
6.574936551747934208e-04 3.848736208620429644e-01
6.884803764958603075e-04 4.023013729908063718e-01
7.209274570016469246e-04 4.205101275045742826e-01
7.549037213001618708e-04 4.395336991406562643e-01
7.904812376032594378e-04 4.594071893097885217e-01
8.277354705929792058e-04 4.801670100297898980e-01
8.667454414922544674e-04 5.018509084621933791e-01
9.075938956795204021e-04 5.244979816955508412e-01
9.503674782027558528e-04 5.481486770007347742e-01
9.951569175652467351e-04 5.728448034514264098e-01
1.042057218172905619e-03 5.986295201402624944e-01
1.091167861851354047e-03 6.255473201691995611e-01
1.142593018860212995e-03 6.536440062853779986e-01
1.196441768852189074e-03 6.829666527383632113e-01
1.252828332245642558e-03 7.135635434692789714e-01
1.311872312501409683e-03 7.454841008458069629e-01
1.373698949817777184e-03 7.787759732331703821e-01
1.438439386781734802e-03 8.134914716064162166e-01
1.506230946539984092e-03 8.496842377111617495e-01
1.577217424079745828e-03 8.874070184058082678e-01
1.651549391237204295e-03 9.267129627608060582e-01
1.729384516080560708e-03 9.676553959756378775e-01
1.810887897345145195e-03 1.010287501043616532e+00
1.896232414629968246e-03 1.054662013915955265e+00
1.985599095098529963e-03 1.100830825766419885e+00
2.079177497461703970e-03 1.148844556055126365e+00
2.177166114057176808e-03 1.198752047474871185e+00
2.279772791878311410e-03 1.250599751789482017e+00
2.387215173445481758e-03 1.304431208962913313e+00
2.499721158455044112e-03 1.360286133004254605e+00
2.617529387185142838e-03 1.418199799821508567e+00
2.740889746683739404e-03 1.478202080053667711e+00
2.870063900812541268e-03 1.540316448079913858e+00
3.005325845271135301e-03 1.604558970932617568e+00
3.146962488778594965e-03 1.670937099485063193e+00
3.295274261645328613e-03 1.739448618373740540e+00
3.450575753025986181e-03 1.810080162762456535e+00
3.613196378205020196e-03 1.882805882589795532e+00
3.783481077329935421e-03 1.957586307694719086e+00
3.961791047073164908e-03 2.034366884678892262e+00
4.148504506770991397e-03 2.113076209870302868e+00
4.344017500654389838e-03 2.193625294852020069e+00
4.548744737845186389e-03 2.275905714248205314e+00
4.763120471824630608e-03 2.359789092744053018e+00
4.987599421050730418e-03 2.445126178577235798e+00
5.222657732218267262e-03 2.531745607696835432e+00
5.468793987136922122e-03 2.619453204113912914e+00
5.726530252979170239e-03 2.708032411751848390e+00
5.996413173014546183e-03 2.797249278491182878e+00
6.279015089616602971e-03 2.886841968836828531e+00
6.574935181081621553e-03 2.976531461711028559e+00
6.884800574982152983e-03 3.066019747602087175e+00
7.209267367705977751e-03 3.154990341574646084e+00
7.549021424138374972e-03 3.243110167818314959e+00
7.904778741598473060e-03 3.330034016665331276e+00
8.277285023400962269e-03 3.415397770281898282e+00
8.667313902770470632e-03 3.498826819176424241e+00
9.075662970643863861e-03 3.579928794008679027e+00
9.503146380322222142e-03 3.658300098358743035e+00
9.950582332738785660e-03 3.733514346734424727e+00
1.041877322477112108e-02 3.805127340184494944e+00
1.090847576221369575e-02 3.872664915724830514e+00
1.142035808055222139e-02 3.935628961184074015e+00
1.195494118651943723e-02 3.993505065712801283e+00
1.251252327691659318e-02 4.045744184308205149e+00
1.309308823963766660e-02 4.091807909233867946e+00
1.369620431163847372e-02 4.131169339433230725e+00
1.432092533922885505e-02 4.163351871678168337e+00
1.496571409981215135e-02 4.187964562303946536e+00
1.562841186933272564e-02 4.204741513733557312e+00
1.630627689004290198e-02 4.213589965764892753e+00
1.699610348612562438e-02 4.214591607264173589e+00
1.769441406661605501e-02 4.208018785963426822e+00
1.839769460649122099e-02 4.194313066456496486e+00
1.910263025911733761e-02 4.174054546346828154e+00
1.980629866918758378e-02 4.147889944851794297e+00
2.050629359006627545e-02 4.116544068324388128e+00
2.120077258019987393e-02 4.080688203676165138e+00
2.188844041905028959e-02 4.040999405636568120e+00
2.256848911492895238e-02 3.998106745518049454e+00
2.324051609074952521e-02 3.952567112871520738e+00
2.390443762326059651e-02 3.904872797251410788e+00
2.456040846627913221e-02 3.855441017583589147e+00
2.520875313414810276e-02 3.804684966621682651e+00
2.584991046501067258e-02 3.752900907434173483e+00
2.648439081388353003e-02 3.700375192933518687e+00
2.711274415062020146e-02 3.647332105731948548e+00
2.773553701814778991e-02 3.594010391835643414e+00
2.835333639523244034e-02 3.540565353221512890e+00
2.896669877733518139e-02 3.487141691069195026e+00
2.957616310755083189e-02 3.433916034482171753e+00
3.018224649124008618e-02 3.380980196658776471e+00
3.078544188576535015e-02 3.328414253191696481e+00
3.138621716452852373e-02 3.276361416697750162e+00
3.198501511587015927e-02 3.224825914629654733e+00
3.258225405959197518e-02 3.173977291027429093e+00
3.317832885478694954e-02 3.123804117097272126e+00
3.377361213943280704e-02 3.074400010169571207e+00
3.436845569074917922e-02 3.025808221092575856e+00
3.496319183031775663e-02 2.978066371718529393e+00
3.555813482301164313e-02 2.931227009891132163e+00
3.615358223657199471e-02 2.885319640718811751e+00
3.674981624120848833e-02 2.840381089718818863e+00
3.734710483735220743e-02 2.796427195114964626e+00
3.794570300572640970e-02 2.753486706618479385e+00
3.854585377799849694e-02 2.711602729296048508e+00
3.914778922899624092e-02 2.670771206605659476e+00
3.975173139321817872e-02 2.631007273266343649e+00
4.035789310943139335e-02 2.592314927280845893e+00
4.096647879773944456e-02 2.554713255320636645e+00
4.157768517376665002e-02 2.518207204759547846e+00
4.219170190464911763e-02 2.482802866482870741e+00
4.280871221142274613e-02 2.448487749295946703e+00
4.342889342220700166e-02 2.415250468292771124e+00
4.405241748033793259e-02 2.383107503534068528e+00
4.467945141132981940e-02 2.352033222527772249e+00
4.531015775226052145e-02 2.322020095689172781e+00
4.594469494689162187e-02 2.293058951579788118e+00
4.658321770955967112e-02 2.265111501681043027e+00
4.722587736061292091e-02 2.238177115727753907e+00
4.787282213592222030e-02 2.212237897405084475e+00
4.852419747276669887e-02 2.187242662288281458e+00
4.918014627418386409e-02 2.163159203368169248e+00
4.984080915368070686e-02 2.139978869279022256e+00
5.050632466202616827e-02 2.117664714420045780e+00
5.117682949768422029e-02 2.096159654263498595e+00
5.185245870230160981e-02 2.075423883583421780e+00
5.253334584253154665e-02 2.055421382559299737e+00
5.321962317935551023e-02 2.036095884887916707e+00
5.391142182595691501e-02 2.017412505620468810e+00
5.460887189510277989e-02 1.999311006720947415e+00
5.531210263690143625e-02 1.981743120813623360e+00
5.602124256772431782e-02 1.964637698494599238e+00
5.673641959100835658e-02 1.947959947707360362e+00
5.745776111059031077e-02 1.931634313352184495e+00
5.818539413716559972e-02 1.915609473375693428e+00
5.891944538841168560e-02 1.899815131119985123e+00
5.966004138326743561e-02 1.884186373283084359e+00
6.040730853081716784e-02 1.868671184712146438e+00
6.116137321418869954e-02 1.853192412472004946e+00
6.192236186983894608e-02 1.837695093085531806e+00
6.269040106256906775e-02 1.822109176745198456e+00
6.346561755658139403e-02 1.806375310241073562e+00
6.424813838286434764e-02 1.790429037358183484e+00
6.503809090316749197e-02 1.774216513371752901e+00
6.583560287080690576e-02 1.757680849796221967e+00
6.664080248852165267e-02 1.740766011427668403e+00
6.745381846358367017e-02 1.723426848413538215e+00
6.827478006034738700e-02 1.705609804848719824e+00
6.910381715041037654e-02 1.687284531644768881e+00
6.994106026054267011e-02 1.668411229016107944e+00
7.078664061853014167e-02 1.648958779494475335e+00
7.164069019706607866e-02 1.628910918537713748e+00
7.250334175581470142e-02 1.608248064806620636e+00
7.337472888176120589e-02 1.586963427676973515e+00
7.425498602795385650e-02 1.565057148973751255e+00
7.514424855073681409e-02 1.542534760693418772e+00
7.604265274556401555e-02 1.519415625329318731e+00
7.695033588147912051e-02 1.495719720521425655e+00
7.786743623433968475e-02 1.471480827219725063e+00
7.879409311885889056e-02 1.446737736024958032e+00
7.973044691953302954e-02 1.421540605294559168e+00
8.067663912051828423e-02 1.395943546044255745e+00
8.163281233451673280e-02 1.370010701877943715e+00
8.259911033072718511e-02 1.343807841186429153e+00
8.357567806191350257e-02 1.317409634626826698e+00
8.456266169063995919e-02 1.290897759451303139e+00
8.556020861472006522e-02 1.264355977331790282e+00
8.656846749192335932e-02 1.237869835300052124e+00
8.758758826398192754e-02 1.211525155086576655e+00
8.861772217993647838e-02 1.185421101258929744e+00
8.965902181886022115e-02 1.159639631345002364e+00
9.071164111199706004e-02 1.134269780630582813e+00
9.177573536434892321e-02 1.109403495679125440e+00
9.285146127574632480e-02 1.085113106252078685e+00
9.393897696143464759e-02 1.061483835396158648e+00
9.503844197220812084e-02 1.038587845862471548e+00
9.615001731412228803e-02 1.016485521987640972e+00
9.727386546781552346e-02 9.952387759364451636e-01
9.841015040746914355e-02 9.748954806272630558e-01
9.955903761943557528e-02 9.554923614370821605e-01
1.007206941205638362e-01 9.370632197057606749e-01
1.018952884762507477e-01 9.196233086606356855e-01
1.030829908182471638e-01 9.031850757218728987e-01
1.042839728622474704e-01 8.877410963540106614e-01
1.054984079252915402e-01 8.732820508225636047e-01
1.067264709430078840e-01 8.597769978102182131e-01
1.079683384867273915e-01 8.471902835746005778e-01
1.092241887804970002e-01 8.354741891703492129e-01
1.104942017180233493e-01 8.245665990419723812e-01
1.117785588795767865e-01 8.144000548409084939e-01
1.130774435488866303e-01 8.048933443664183507e-01
1.143910407300587906e-01 7.959579460606056589e-01
1.157195371645484694e-01 7.874934896596783584e-01
1.170631213482202088e-01 7.794006163791826758e-01
1.184219835485289529e-01 7.715683357588964952e-01
1.197963158218564861e-01 7.638834460161321172e-01
1.211863120310384401e-01 7.562349881725750622e-01
1.225921678631176209e-01 7.485092021393414674e-01
1.240140808473609857e-01 7.405972265733344884e-01
1.254522503735777117e-01 7.323967807820090936e-01
1.269068777107778545e-01 7.238137153077313091e-01
1.283781660262109381e-01 7.147660576696064361e-01
1.298663204048260134e-01 7.051864289332743230e-01
1.313715478691948879e-01 6.950221151592390623e-01
1.328940573999419783e-01 6.842411108737469494e-01
1.344340599567254435e-01 6.728289266505192989e-01
1.359917684998147025e-01 6.607934006459876830e-01
1.375673980123118534e-01 6.481624722393968252e-01
1.391611655230644007e-01 6.349844607216028614e-01
1.407732901303192230e-01 6.213270985449198536e-01
1.424039930261683795e-01 6.072755772001735552e-01
1.440534975218385749e-01 5.929303122348508204e-01
1.457220290738779345e-01 5.784025166412191110e-01
1.474098153112946563e-01 5.638139523486872529e-01
1.491170860637040518e-01 5.492887371137068486e-01
1.508440733905412334e-01 5.349550502569049293e-01
1.525910116113988191e-01 5.209322102345503858e-01
1.543581373375502164e-01 5.073420360875493529e-01
1.561456895047206306e-01 4.942877390127557446e-01
1.579539094071691907e-01 4.818600482099015814e-01
1.597830407331481684e-01 4.701392263618044409e-01
1.616333296018052368e-01 4.591673170395669801e-01
1.635050246015982423e-01 4.489924753726949325e-01
1.653983768302920154e-01 4.396238263303419158e-01
1.673136399366099425e-01 4.310506514675844225e-01
1.692510701636132930e-01 4.232436213857311835e-01
1.712109263938847159e-01 4.161476604800189438e-01
1.731934701965928136e-01 4.096983933937806133e-01
1.751989658765177038e-01 4.037842884553380918e-01
1.772276805251188914e-01 3.983179267174714600e-01
1.792798840737289678e-01 3.931836247055527367e-01
1.813558493489589862e-01 3.882574238278724277e-01
1.834558521304035517e-01 3.834581000054200217e-01
1.855801712107355839e-01 3.786371540526647372e-01
1.877290884582840935e-01 3.736576049823643331e-01
1.899028888821896466e-01 3.684133365480097289e-01
1.921018607002355216e-01 3.628202938626698404e-01
1.943262954094555905e-01 3.568138204038232009e-01
1.965764878596217846e-01 3.503624254974246899e-01
1.988527363297182549e-01 3.434637360893275093e-01
2.011553426075118334e-01 3.361470286609326008e-01
2.034846120723314000e-01 3.284718345164954201e-01
2.058408537811734218e-01 3.205213075276407975e-01
2.082243805582533192e-01 3.123981575877560757e-01
2.106355090881271708e-01 3.042135842696875869e-01
2.130745600125118766e-01 2.960815363556734692e-01
2.155418580309364784e-01 2.881125794052331601e-01
2.180377320053617229e-01 2.804051640146374424e-01
2.205625150689103364e-01 2.730426230211674410e-01
2.231165447388542833e-01 2.660991282143905790e-01
2.257001630340131348e-01 2.596154112915868284e-01
2.283137165967206172e-01 2.536301666569708013e-01
2.309575568195247064e-01 2.481522792093005247e-01
2.336320399767921607e-01 2.431526103114577120e-01
2.363375273613953498e-01 2.386003199268011965e-01
2.390743854266666468e-01 2.344275576242769166e-01
2.418429859338137866e-01 2.305509455500049654e-01
2.446437061049969441e-01 2.268714418426810153e-01
2.474769287822780328e-01 2.232872923438036505e-01
2.503430425926613800e-01 2.197056251259360271e-01
2.532424421194549580e-01 2.160365732779037096e-01
2.561755280801924495e-01 2.122161629930596760e-01
2.591427075113662548e-01 2.082008951609426450e-01
2.621443939602352557e-01 2.039702161561543214e-01
2.651810076839816732e-01 1.995273958609361242e-01
2.682529758565072031e-01 1.948977917696842199e-01
2.713607327831706328e-01 1.901310243191117189e-01
2.745047201237857393e-01 1.852923963058768775e-01
2.776853871242139782e-01 1.804611788689412799e-01
2.809031908569040170e-01 1.757195032829310943e-01
2.841585964707476486e-01 1.711466675314169128e-01
2.874520774506421628e-01 1.668047929616549852e-01
2.907841158871695697e-01 1.627349157470641960e-01
2.941552027568247740e-01 1.589552522398589296e-01
2.975658382132488899e-01 1.554575740056015065e-01
3.010165318899489795e-01 1.522105613796344292e-01
3.045078032150115854e-01 1.491728562104021327e-01
3.080401817383470742e-01 1.462925908343636339e-01
3.116142074720301691e-01 1.435112073912140906e-01
3.152304312443373613e-01 1.407708106084021027e-01
3.188894150681130801e-01 1.380158324691981575e-01
3.225917325241363098e-01 1.352021176911699096e-01
3.263379691601962507e-01 1.323037106886759406e-01
3.301287229066298679e-01 1.293172361046056318e-01
3.339646045091165250e-01 1.262608582075986918e-01
3.378462379795755255e-01 1.231683896805140788e-01
3.417742610660607361e-01 1.200812191118275918e-01
3.457493257426039746e-01 1.170414089146263464e-01
3.497720987200153564e-01 1.140880952361313233e-01
3.538432619787119648e-01 1.112541893501078349e-01
3.579635133247147660e-01 1.085638285948472143e-01
3.621335669700229687e-01 1.060275826076702010e-01
3.663541541386546863e-01 1.036385142704791401e-01
3.706260236997231394e-01 1.013728059089829270e-01
3.749499428290087311e-01 9.919471027502053950e-02
3.793266977005790297e-01 9.706731077288414944e-02
3.837570942101153904e-01 9.495989710696750574e-02
3.882419587317099130e-01 9.285086920215217254e-02
3.927821389100183969e-01 9.072787738457958884e-02
3.973785044897799046e-01 8.858733097738041851e-02
4.020319481848503296e-01 8.643589983360795703e-02
4.067433865890454636e-01 8.429174112078803571e-02
4.115137611312478794e-01 8.218074986028031659e-02
4.163440390774011401e-01 8.012786281339792649e-02
4.212352145822031435e-01 7.814923227517781013e-02
4.261883097935056930e-01 7.625060817454212825e-02
4.312043760126471614e-01 7.442966795350512699e-02
4.362844949141758133e-01 7.267993921770417309e-02
4.414297798286735963e-01 7.098953391080640996e-02
4.466413770926659921e-01 6.934107924089767672e-02
4.519204674698969471e-01 6.771468192799619257e-02
4.572682676485713693e-01 6.609813391015710582e-02
4.626860318195159527e-01 6.448909713923345333e-02
4.681750533405882320e-01 6.289375811900159430e-02
4.737366664930750537e-01 6.131881960843572899e-02
4.793722483362726772e-01 5.977190809495928903e-02
4.850832206669257185e-01 5.826240840743589916e-02
4.908710520907383357e-01 5.680220571037855604e-02
4.967372602137493653e-01 5.539140813987115941e-02
5.026834139619978936e-01 5.402482087657520249e-02
5.087111360386009640e-01 5.269370934448788096e-02
5.148221055281207992e-01 5.139189047397286353e-02
5.210180606589327468e-01 5.011475845572678500e-02
5.273008017352106558e-01 4.885572341330544910e-02
5.336721942511517547e-01 4.761149096369718392e-02
5.401341722011537838e-01 4.638802469724410960e-02
5.466887416008644474e-01 4.519081402604277486e-02
5.533379842353535194e-01 4.402177666232701125e-02
5.600840616521134407e-01 4.288379524720629249e-02
5.669292194182115052e-01 4.177592049910432148e-02
5.738757916626920919e-01 4.069798109723178625e-02
5.809262059272947143e-01 3.964518711171977072e-02
5.880829883507322497e-01 3.861142898475062452e-02
5.953487692141793408e-01 3.759797102130523622e-02
6.027262888782951578e-01 3.660395491776028548e-02
6.102184041450774421e-01 3.562804221056822124e-02
6.178280950811347871e-01 3.467397420149801596e-02
6.255584723426460547e-01 3.374348502506178266e-02
6.334127850463626697e-01 3.283511008700797790e-02
6.413944292355819865e-01 3.194794167702989102e-02
6.495069569951192889e-01 3.108168774735322812e-02
6.577540862750217432e-01 3.023329691200586644e-02
6.661397114891673965e-01 2.940154219163121016e-02
6.746679149620673499e-01 2.858824884783381023e-02
6.833429793052646639e-01 2.779202895848096114e-02
6.921694008138000731e-01 2.701330998462234470e-02
7.011519039834418487e-01 2.625379111060020462e-02
7.102954572609331274e-01 2.551088115343344911e-02
7.196052901525540335e-01 2.478407352902818606e-02
7.290869118310774333e-01 2.407402711721314675e-02
7.387461313979498678e-01 2.337840587807369502e-02
7.485890799765557713e-01 2.269774570221561039e-02
7.586222348340663224e-01 2.203295837752682063e-02
7.688524457540381052e-01 2.138209370067419707e-02
7.792869639100618029e-01 2.074669245044520258e-02
7.899334735229390780e-01 2.012436608842598645e-02
8.008001266207017688e-01 1.951633800433569960e-02
8.118955812630377356e-01 1.892123462203028350e-02
8.232290436402381895e-01 1.833881020215374566e-02
8.348103145126455349e-01 1.776974516880904659e-02
8.466498405209942346e-01 1.721296964589520001e-02
8.587587709724030516e-01 1.666880881464405037e-02
8.711490207927947704e-01 1.613591681734811989e-02
8.838333404361667922e-01 1.561522452196587203e-02
8.968253936567427420e-01 1.510557930156355456e-02
9.101398441843516762e-01 1.460728524536559006e-02
9.237924524996692366e-01 1.411963543437584970e-02
9.378001840879865991e-01 1.364260607848752534e-02
9.521813307624612532e-01 1.317589680865869500e-02
9.669556468955523565e-01 1.271946191369872914e-02
9.821445026866509886e-01 1.227297347342021921e-02
9.977710569318487543e-01 1.183577114029818293e-02
1.013860452156414294e+00 1.140829282860653451e-02
1.030440035431062995e+00 1.098981884097498425e-02
1.047539608729695315e+00 1.058079303204391766e-02
1.065191713310047250e+00 1.017934995797723126e-02
1.083431953321173591e+00 9.787425079666062580e-03
1.102299364674114157e+00 9.403381510652009112e-03
1.121836836164053608e+00 9.027450095477000669e-03
1.142091590909393606e+00 8.659415127265392836e-03
1.163115737373410896e+00 8.299280610243049694e-03
1.184966900541986501e+00 7.946656578237728391e-03
1.207708945208148643e+00 7.602376102570857289e-03
1.231412804686037976e+00 7.263424860540365624e-03
1.256157429511100210e+00 6.932471593047456575e-03
1.282030871558741181e+00 6.607215016897944465e-03
1.309131519175519065e+00 6.290730300429975622e-03
1.337569497812532759e+00 5.980486483935821239e-03
1.367468247442076068e+00 5.676469324915879751e-03
1.398966281488970287e+00 5.379085848623900781e-03
1.432219120345313179e+00 5.087828616472651541e-03
1.467401373317150037e+00 4.803143890946300412e-03
1.504708912871807414e+00 4.525147139752853584e-03
1.544361040443644750e+00 4.252808451829578375e-03
1.586602479760256035e+00 3.987748008877924598e-03
1.631704948710286374e+00 3.729009026771258964e-03
1.679967954945390529e+00 3.477557554492103319e-03
1.731718342762911034e+00 3.233120351904285143e-03
1.787308013523071004e+00 2.996195320789958507e-03
1.847109195895591638e+00 2.767943631589086292e-03
1.911506729430777485e+00 2.547902815021171538e-03
1.980887136638210144e+00 2.336693757943349506e-03
2.055624867594123995e+00 2.135693387379427721e-03
2.136066990845650881e+00 1.944837561335964948e-03
2.222518586102744997e+00 1.765525771554475468e-03
2.315231776794712815e+00 1.597627080192729745e-03
2.414401248686401935e+00 1.441415172018728399e-03
2.520167961820500846e+00 1.297223953605704510e-03
2.632630803450616064e+00 1.164497250461737736e-03
2.751863892362175879e+00 1.044008147596916592e-03
2.877935999191465477e+00 9.342335527542470217e-04
3.010928548345946254e+00 8.350719405043077357e-04
3.150949715118804395e+00 7.457493434688822198e-04
3.298143599497119549e+00 6.654267867975528859e-04
3.452694730062758399e+00 5.933959626477858457e-04
3.614828910475158974e+00 5.288072746962682895e-04
3.784811663631409306e+00 4.711823664638757408e-04
3.962945419798820978e+00 4.198530713488899920e-04
4.149566322906252935e+00 3.736518244046343660e-04
4.345041229635492996e+00 3.324431414415091957e-04
4.549765220282152356e+00 2.962668585642108275e-04
4.764159752422915339e+00 2.632503151711337408e-04
4.988671466091592954e+00 2.341814717352092988e-04
5.223771579744140858e+00 2.082280297610777161e-04
5.469955785018570715e+00 1.851133218399578294e-04
5.727744542008063711e+00 1.646088065733477775e-04
5.997683685064582271e+00 1.462353782618613528e-04
6.280345264465855948e+00 1.298059992697542719e-04
6.576328566535846853e+00 1.153578335860010071e-04
6.886261270961949954e+00 1.024564322851246305e-04
7.210800717588002229e+00 9.095945442074816290e-05
7.550635265423916387e+00 8.072737335585824831e-05
7.906485734184853342e+00 7.172955912930071068e-05
8.279106923854895328e+00 6.359086261460038855e-05
8.669289211150402963e+00 5.642816278970325588e-05
9.077860223879422819e+00 5.005070211348227981e-05
9.505686595492644386e+00 4.437791476692252171e-05
9.953675802916222892e+00 3.941353164826008073e-05
1.042277809126146160e+01 3.489624098481580131e-05
1.091398848935458687e+01 3.092996237905044877e-05
1.142834892030070826e+01 2.740925420332256739e-05
1.196695041153315486e+01 2.428414680756586650e-05
1.253093540902572656e+01 2.149148191336618495e-05
1.312150020057268485e+01 1.909003201172841736e-05
1.373989745327525647e+01 1.687112153376378083e-05
1.438743887061636961e+01 1.494680548088578911e-05
1.506549797475959451e+01 1.325633309533543258e-05
1.577551301997378275e+01 1.171230762503329993e-05
1.651899004336321042e+01 1.036818402084311050e-05
1.729750605937418584e+01 9.132596634084770096e-06
1.811271240485412903e+01 8.112456361382414444e-06
1.896633824175842520e+01 7.216818733064894757e-06
1.986019422493475162e+01 6.351816768969487394e-06
2.079617634276478455e+01 5.621505412739286151e-06
2.177626993880975803e+01 4.976490714081740907e-06
2.280255392299031314e+01 4.398784657664645430e-06
2.387720518123319025e+01 3.882998822810725823e-06
2.500250319293812851e+01 3.437429816126661559e-06
2.618083486605928556e+01 3.037475473850338071e-06
2.741469960005702688e+01 2.683150353264656078e-06
2.870671458745929172e+01 2.390883652344398347e-06
3.005962036527782644e+01 2.092755528997616914e-06
3.147628662805462696e+01 1.850954045586206935e-06
3.295971831486878756e+01 1.634232746456834248e-06
3.451306198321519503e+01 1.443045380049946003e-06
3.613961248327483133e+01 1.278746289882912016e-06
3.784281994673373362e+01 1.125824082702856071e-06
3.962629710497491686e+01 9.893948595581206939e-07
4.149382695216595351e+01 8.846604836394237826e-07
4.344937076949681654e+01 7.734174653742115483e-07
4.549707652758839771e+01 6.806512965517660892e-07
4.764128768489430144e+01 6.024397391947049154e-07
4.988655240075858188e+01 5.328617129880634414e-07
5.223763318267145905e+01 4.684029594278463198e-07
5.469951698818625374e+01 4.140244894888013552e-07
5.727742580292498786e+01 3.656322793480456603e-07
5.997682771710997685e+01 3.223039293845309676e-07
6.280344852411631962e+01 2.818079200565281522e-07
6.576328386564733819e+01 2.521729529497188860e-07
6.886261194929444684e+01 2.157594668155386373e-07
7.210800686545722726e+01 1.931332559650803936e-07
7.550635253187051887e+01 1.704775534709273357e-07
7.906485729531695483e+01 1.499096026782543625e-07
8.279106922149681225e+01 1.296631204514941039e-07
8.669289210548747349e+01 1.178205787580681614e-07
9.077860223675240547e+01 1.033113672107533106e-07
9.505686595426068664e+01 9.061161491773160476e-08
9.953675802895398306e+01 8.233430478537521432e-08
1.042277809125523191e+02 7.141227203301072535e-08
1.091398848935281904e+02 6.302692113553966166e-08
1.142834892030025031e+02 5.443857597040567382e-08
1.196695041153306676e+02 4.842558054372480020e-08
1.253093540902573579e+02 4.262314931750724476e-08
1.312150020057272570e+02 3.969982447821255577e-08
1.373989745327530443e+02 3.310464230311794923e-08
1.438743887061642397e+02 2.875833818300171016e-08
1.506549797475965136e+02 2.523848388974474825e-08
1.577551301997384030e+02 2.251640521611803250e-08
1.651899004336326868e+02 1.965844278582559046e-08
1.729750605937424837e+02 1.754881970849809059e-08
1.811271240485419298e+02 1.514631149531243080e-08
1.896633824175849270e+02 1.329203833453462991e-08
1.986019422493482125e+02 1.098942969130976753e-08
2.079617634276486342e+02 1.043891523895058456e-08
2.177626993880984116e+02 9.029321568612089950e-09
2.280255392299040125e+02 8.674004953817323918e-09
2.387720518123328191e+02 6.767298295243897867e-09
2.500250319293822088e+02 6.072384861061710937e-09
2.618083486605938219e+02 5.632618519626021262e-09
2.741469960005712778e+02 4.616816226029498054e-09
2.870671458745940186e+02 4.249630206926208673e-09
3.005962036527794226e+02 3.543296918711093256e-09
3.147628662805474278e+02 3.182667699896548887e-09
3.295971831486891119e+02 2.824267005894935809e-09
3.451306198321532293e+02 2.455173439381799054e-09
3.613961248327496492e+02 1.529969778563871037e-09
3.784281994673388567e+02 1.862320167114450298e-09
3.962629710497507176e+02 1.717075224263754203e-09
4.149382695216611410e+02 1.341612914031903732e-09
4.344937076949699417e+02 1.362243276127405870e-09
4.549707652758858671e+02 1.326541379754663397e-09
4.764128768489450181e+02 8.519904021464691642e-10
4.988655240075878510e+02 1.136893435360439495e-09
5.223763318267166369e+02 9.170735643881845218e-10
5.469951698818647401e+02 7.130818399774995600e-10
5.727742580292522234e+02 5.537956365366066724e-10
5.997682771711022269e+02 4.993377640853818733e-10
6.280344852411658394e+02 4.050267030893890266e-10
6.575670753726104749e+02 3.743923300820945997e-10
