1.041531580919909012e-05 7.365941346639803648e-03
1.090617452077822399e-05 7.701037243448205158e-03
1.142016669073221893e-05 8.051377572696744381e-03
1.195838256536567588e-05 8.417655744927528966e-03
1.252196377270855239e-05 8.800596093051456237e-03
1.311210574406227204e-05 9.200957869601261718e-03
1.373006024966978978e-05 9.619533018638050728e-03
1.437713805388809947e-05 1.005715020087987258e-02
1.505471169549518034e-05 1.051467555097686593e-02
1.576421839902876452e-05 1.099301658797116783e-02
1.650716312333226843e-05 1.149311623128834031e-02
1.728512175377426978e-05 1.201596666508423193e-02
1.809974444491267077e-05 1.256260266949918956e-02
1.895275912069374199e-05 1.313410642363676932e-02
1.984597513961048199e-05 1.373160851113004906e-02
2.078128713259457297e-05 1.435629266337461879e-02
2.176067902178259651e-05 1.500939450997351883e-02
2.278622822868087977e-05 1.569220699677860778e-02
2.386011008065503237e-05 1.640608213325171413e-02
2.498460242509093518e-05 1.715243216984490421e-02
2.616209046101445357e-05 1.793273474139681425e-02
2.739507179841835726e-05 1.874853316591905059e-02
2.868616175602796105e-05 1.960144408531852567e-02
3.003809890874280499e-05 2.049315473586395264e-02
3.145375089652116925e-05 2.142542998300090568e-02
3.293612050702889358e-05 2.240011497117234615e-02
3.448835204495462233e-05 2.341913877013461834e-02
3.611373800150160320e-05 2.448451810791973937e-02
3.781572603820297716e-05 2.559836144587631854e-02
3.959792629987407846e-05 2.676287323926201597e-02
4.146411907221367901e-05 2.798035823439176326e-02
4.341826280029672538e-05 2.925322479194845254e-02
4.546450248496709134e-05 3.058399246343497177e-02
4.760717847494010845e-05 3.197529578143010892e-02
4.985083567326408009e-05 3.342988398581132892e-02
5.220023317766900859e-05 3.495063958323065684e-02
5.466035437525094742e-05 3.654056947752877538e-02
5.723641751290415826e-05 3.820281898947832516e-02
5.993388676592240776e-05 3.994067771232149427e-02
6.275848382824736154e-05 4.175758109127719608e-02
6.571620004894853588e-05 4.365712809935772681e-02
6.881330914067793417e-05 4.564307061174649460e-02
7.205638048705579170e-05 4.771934024990921036e-02
7.545229307721390067e-05 4.989004256399760112e-02
7.900825009705393328e-05 5.215946878894509725e-02
8.273179420817042534e-05 5.453210768688868115e-02
8.663082354684732385e-05 5.701264952116921747e-02
9.071360847706392487e-05 5.960599894130044069e-02
9.498880913304572722e-05 6.231728143992103230e-02
9.946549378857021063e-05 6.515185577795074012e-02
1.041531580919912976e-04 6.811532321194924133e-02
1.090617452077826533e-04 7.121353828366029648e-02
1.142016669073226060e-04 7.445262077172984383e-02
1.195838256536571891e-04 7.783896916664466425e-02
1.252196377270859914e-04 8.137926836438429123e-02
1.311210574406231880e-04 8.508050823345375546e-02
1.373006024966983687e-04 8.894999230587800898e-02
1.437713805388814690e-04 9.299535487407144252e-02
1.505471169549523218e-04 9.722457408637419363e-02
1.576421839902881941e-04 1.016459899042859022e-01
1.650716312333232400e-04 1.062683139165764429e-01
1.728512175377433144e-04 1.111006536699305630e-01
1.809974444491273379e-04 1.161525235475039802e-01
1.895275912069380772e-04 1.214338659084173433e-01
1.984597513961055247e-04 1.269550688273013983e-01
2.078128713259464616e-04 1.327269849815318481e-01
2.176067902178267376e-04 1.387609537427328121e-01
2.278622822868096311e-04 1.450688178794117822e-01
2.386011008065511640e-04 1.516629505063925576e-01
2.498460242509102191e-04 1.585562726419796342e-01
2.616209046101454776e-04 1.657622792062256323e-01
2.739507179841845484e-04 1.732950631011632991e-01
2.868616175602806541e-04 1.811693353808664919e-01
3.003809890874290867e-04 1.894004582058075870e-01
3.145375089652127361e-04 1.980044647098130606e-01
3.293612050702900335e-04 2.069980898436186434e-01
3.448835204495474295e-04 2.163987937952535634e-01
3.611373800150173194e-04 2.262247965880146150e-01
3.781572603820310455e-04 2.364950992417970410e-01
3.959792629987421127e-04 2.472295194057964884e-01
4.146411907221382131e-04 2.584487194913570041e-01
4.341826280029687174e-04 2.701742338305314628e-01
4.546450248496725533e-04 2.824285023653658189e-01
4.760717847494027786e-04 2.952348996427492378e-01
4.985083567326426034e-04 3.086177666294335764e-01
5.220023317766918748e-04 3.226024343963450058e-01
5.466035437525113309e-04 3.372152602463140414e-01
5.723641751290435477e-04 3.524836614286270264e-01
5.993388676592263003e-04 3.684361137304264511e-01
6.275848382824758109e-04 3.851022167804931118e-01
6.571620004894875543e-04 4.025126834815620502e-01
6.881330914067816185e-04 4.206993777335156781e-01
7.205638048705601938e-04 4.396953264761451208e-01
7.545229307721414190e-04 4.595347315843418823e-01
7.900825009705418536e-04 4.802529742856022077e-01
8.273179420817069639e-04 5.018866240604246132e-01
8.663082354684760846e-04 5.244734248881370853e-01
9.071360847706422302e-04 5.480522899614844734e-01
9.498880913304604164e-04 5.726632705066402318e-01
9.946549378857052776e-04 5.983475272869801520e-01
1.041531580919916392e-03 6.251472762955970763e-01
1.090617452077830138e-03 6.531057359025813636e-01
1.142016669073229801e-03 6.822670420485575926e-01
1.195838256536575685e-03 7.126761541553955359e-01
1.252196377270863763e-03 7.443787304879608824e-01
1.311210574406236054e-03 7.774209896996826519e-01
1.373006024966987862e-03 8.118459014906086457e-01
1.437713805388819190e-03 8.477018153013768931e-01
1.505471169549528043e-03 8.850371971969792639e-01
1.576421839902886982e-03 9.238984081002062920e-01
1.650716312333237604e-03 9.643311675801828908e-01
1.728512175377438674e-03 1.006380230060420544e+00
1.809974444491279288e-03 1.050088943000372144e+00
1.895275912069386897e-03 1.095498833617746692e+00
1.984597513961061481e-03 1.142649095924611835e+00
2.078128713259471284e-03 1.191576048757091000e+00
2.176067902178274640e-03 1.242312521675051462e+00
2.278622822868103630e-03 1.294887213971863904e+00
2.386011008065519554e-03 1.349324000912208055e+00
2.498460242509110973e-03 1.405641190358396297e+00
2.616209046101463775e-03 1.463850720757786439e+00
2.739507179841854483e-03 1.523957433622192825e+00
2.868616175602814889e-03 1.585958195039961938e+00
3.003809890874297589e-03 1.649840985742067945e+00
3.145375089652123566e-03 1.715584574725417699e+00
3.293612050702848619e-03 1.783157252618935873e+00
3.448835204495229699e-03 1.852516455905948156e+00
3.611373800149184510e-03 1.923608544626173034e+00
3.781572603816575704e-03 1.996367969114623886e+00
3.959792629973978538e-03 2.070716886738909412e+00
4.146411907175036500e-03 2.146566737250620527e+00
4.341826279876305310e-03 2.223816460711843135e+00
4.546450248008801487e-03 2.302354243058139183e+00
4.760717846000523355e-03 2.382057830921549879e+00
4.985083562923271761e-03 2.462795443578206456e+00
5.220023305251738667e-03 2.544426761947852444e+00
5.466035403198482578e-03 2.626802784388989842e+00
5.723641660352534605e-03 2.709768840648012933e+00
5.993388443690983794e-03 2.793162779109434002e+00
6.275847805659446471e-03 2.876814882345413604e+00
6.571618619693694353e-03 2.960545113661316119e+00
6.881327691609985010e-03 3.044161895023721698e+00
7.205630776012369142e-03 3.127457072801703042e+00
7.545213370856792591e-03 3.210198711162617791e+00
7.900791073008336246e-03 3.292131870674796623e+00
8.273109138268024479e-03 3.372955945073075945e+00
8.662940683918929352e-03 3.452319611591547321e+00
9.071082683757499682e-03 3.529834989564805348e+00
9.498348524148004721e-03 3.605042410229655214e+00
9.945555419925712279e-03 3.677432616335268190e+00
1.041350446799365476e-02 3.746439853168585632e+00
1.090295063774507182e-02 3.811472746221966634e+00
1.141455974406517700e-02 3.871914097260219290e+00
1.194884972812695727e-02 3.927161524214990873e+00
1.250611483010298335e-02 3.976655510188960907e+00
1.308633400717142820e-02 4.019895268432719604e+00
1.368906964181583821e-02 4.056464987138278744e+00
1.431336906780112869e-02 4.086038631345155991e+00
1.495768843858400095e-02 4.108360115928316958e+00
1.561986312548268620e-02 4.123260215447733579e+00
1.629714719344721799e-02 4.130658709754835733e+00
1.698633347348209657e-02 4.130573803186014636e+00
1.768394617995359269e-02 4.123168187761354631e+00
1.838647643386195907e-02 4.108775615316075935e+00
1.909061729878397742e-02 4.087898603061967506e+00
1.979345606778884492e-02 4.061167642475616901e+00
2.049259670517513884e-02 4.029342781814937879e+00
2.118620650755620796e-02 3.993157493291724869e+00
2.187299879996610838e-02 3.953339198949526789e+00
2.255217257713259746e-02 3.910519994195469362e+00
2.322333061645593874e-02 3.865237977231626765e+00
2.388639303955028201e-02 3.817950063770484626e+00
2.454151715843203366e-02 3.769040296653784150e+00
2.518902901265948971e-02 3.718841091686656330e+00
2.582936817444371480e-02 3.667629449245883411e+00
2.646304515091416065e-02 3.615694311014312046e+00
2.709060965210561764e-02 3.563279859446692566e+00
2.771262768147549418e-02 3.510570108130051104e+00
2.832966549825252645e-02 3.457779839161382096e+00
2.894227877128247375e-02 3.405084109875789355e+00
2.955100556220707428e-02 3.352610234062930239e+00
3.015636207661178889e-02 3.300472152758692879e+00
3.075884037861836839e-02 3.248767221649341064e+00
3.135890747128441958e-02 3.197562107774740703e+00
3.195700530576697784e-02 3.146910932863459021e+00
3.255355140379593420e-02 3.096913035700159078e+00
3.314893986844937718e-02 3.047596263772743619e+00
3.374354262463553217e-02 2.999028532345671572e+00
3.433771077896292934e-02 2.951240339842225779e+00
3.493177602348340738e-02 2.904323413547543975e+00
3.552605203269613987e-02 2.858310059545964954e+00
3.612083582088991551e-02 2.813215634808858390e+00
3.671640903936447542e-02 2.769103442749951682e+00
3.731303920177101580e-02 2.725985277394816553e+00
3.791098083181102668e-02 2.683880341623852139e+00
3.851047653160372120e-02 2.642807718918355420e+00
3.911175797173353091e-02 2.602792135709338872e+00
3.971504680572274931e-02 2.563807568700078310e+00
4.032055551272931831e-02 2.525889053149627639e+00
4.092848817285277968e-02 2.489030855091234784e+00
4.153904117969136472e-02 2.453253964839406720e+00
4.215240389483470435e-02 2.418560474794960946e+00
4.276875924887522246e-02 2.384945362753094766e+00
4.338828429332890896e-02 2.352397787592937828e+00
4.401115070761062176e-02 2.320951096110078549e+00
4.463752526493537653e-02 2.290559152951662458e+00
4.526757026073235241e-02 2.261202302833608790e+00
4.590144390687560250e-02 2.232879694899935874e+00
4.653930069476034520e-02 2.205555389689330958e+00
4.718129172999276782e-02 2.179239580830083067e+00
4.782756504121615793e-02 2.153864605423196465e+00
4.847826586536796434e-02 2.129431869655630472e+00
4.913353691145271734e-02 2.105899281370035681e+00
4.979351860472263497e-02 2.083254695530508904e+00
5.045834931298191772e-02 2.061449790695990103e+00
5.112816555657034162e-02 2.040453734558552945e+00
5.180310220343656985e-02 2.020221055323310200e+00
5.248329265057942450e-02 2.000708066347500758e+00
5.316886899301633690e-02 1.981865797132974727e+00
5.385996218133026758e-02 1.963649975123046953e+00
5.455670216874875661e-02 1.946001069061911171e+00
5.525921804862105047e-02 1.928869546573519722e+00
5.596763818307955857e-02 1.912204200121205178e+00
5.668209032360033151e-02 1.895946909466665220e+00
5.740270172411223587e-02 1.880041184386769926e+00
5.812959924724620669e-02 1.864431363825093113e+00
5.886290946426301490e-02 1.849049456108819767e+00
5.960275874915010874e-02 1.833836174730752555e+00
6.034927336733499764e-02 1.818726595705624005e+00
6.110257955942353936e-02 1.803657228211863917e+00
6.186280362033588776e-02 1.788561793631645136e+00
6.263007197418117566e-02 1.773379108686755634e+00
6.340451124518255155e-02 1.758052613481570603e+00
6.418624832493802224e-02 1.742519713169766726e+00
6.497541043627867718e-02 1.726722904135620018e+00
6.577212519396405388e-02 1.710613417563128236e+00
6.657652066243462119e-02 1.694124972019833919e+00
6.738872541082346901e-02 1.677223092610834021e+00
6.820886856541312493e-02 1.659858308971675189e+00
6.903707985970825023e-02 1.641989931554008075e+00
6.987348968228153379e-02 1.623581566375136953e+00
7.071822912253802884e-02 1.604606466884294536e+00
7.157143001453154796e-02 1.585045480125651718e+00
7.243322497895662848e-02 1.564880039259470612e+00
7.330374746343053249e-02 1.544109113489407381e+00
7.418313178117054429e-02 1.522730255955473400e+00
7.507151314816479237e-02 1.500748751624681354e+00
7.596902771892713457e-02 1.478180033012646444e+00
7.687581262092058054e-02 1.455046258838522011e+00
7.779200598772742503e-02 1.431377578259908745e+00
7.871774699103924189e-02 1.407218336025684913e+00
7.965317587153475376e-02 1.382613100214865831e+00
8.059843396870909615e-02 1.357621150196384185e+00
8.155366374971406707e-02 1.332300209737792285e+00
8.251900883726516478e-02 1.306717415322012243e+00
8.349461403666767756e-02 1.280944124044346433e+00
8.448062536201139672e-02 1.255062388040002697e+00
8.547719006158042976e-02 1.229145613040860674e+00
8.648445664252230047e-02 1.203291578370563109e+00
8.750257489481803874e-02 1.177579268259432821e+00
8.853169591459333909e-02 1.152101372360328613e+00
8.957197212680852172e-02 1.126948445228494133e+00
9.062355730736400272e-02 1.102191862352387863e+00
9.168660660465605128e-02 1.077929143376407994e+00
9.276127656061673721e-02 1.054236599896297477e+00
9.384772513127064009e-02 1.031198195627894609e+00
9.494611170684014168e-02 1.008872374349667700e+00
9.605659713143023526e-02 9.873314583990189242e-01
9.717934372232296669e-02 9.666260635843716420e-01
9.831451528891146929e-02 9.468047780355841603e-01
9.946227715130293023e-02 9.279068005160190369e-01
1.006227961586192432e-01 9.099608231025442251e-01
1.017962407070245601e-01 8.929901287775376950e-01
1.029827807575080384e-01 8.769932561951342409e-01
1.041825878534509697e-01 8.619764416612726299e-01
1.053958351380065855e-01 8.479199011663721697e-01
1.066226973713217951e-01 8.347956510583728340e-01
1.078633509476300961e-01 8.225717423962668473e-01
1.091179739122448422e-01 8.112013324172602236e-01
1.103867459784830668e-01 8.006232670469456414e-01
1.116698485445500461e-01 7.907652818308175124e-01
1.129674647104154384e-01 7.815516648265640187e-01
1.142797792947126273e-01 7.728949581149962000e-01
1.156069788516929653e-01 7.647019281670005553e-01
1.169492516882680716e-01 7.568697091195354387e-01
1.183067878811733392e-01 7.492890461076505693e-01
1.196797792942872057e-01 7.418509398437511670e-01
1.210684195961410775e-01 7.344445198937645802e-01
1.224729042776560584e-01 7.269627339938738997e-01
1.238934306701432730e-01 7.192944836671404385e-01
1.253301979636058106e-01 7.113429840952136818e-01
1.267834072253809230e-01 7.030113871995476993e-01
1.282532614191628784e-01 6.942236067248708231e-01
1.297399654244466849e-01 6.849180284573324062e-01
1.312437260564357222e-01 6.750374450762235412e-01
1.327647520864554398e-01 6.645485546922631492e-01
1.343032542629188086e-01 6.534424051007122758e-01
1.358594453328877960e-01 6.417244008540922140e-01
1.374335400642786031e-01 6.294261476523532739e-01
1.390257552687583498e-01 6.165957458775497280e-01
1.406363098253829713e-01 6.032896765755915158e-01
1.422654247050260390e-01 5.896006135196641962e-01
1.439133229956518489e-01 5.756237686108263141e-01
1.455802299284849333e-01 5.614702614584310414e-01
1.472663729051315595e-01 5.472578755127593952e-01
1.489719815257089242e-01 5.331096748423870268e-01
1.506972876180397158e-01 5.191499868455796696e-01
1.524425252679713627e-01 5.054988423172235290e-01
1.542079308508800262e-01 4.922686915175387146e-01
1.559937430644220413e-01 4.795627885970473181e-01
1.578002029625959757e-01 4.674724411914701894e-01
1.596275539911805041e-01 4.560694235899510618e-01
1.614760420246154904e-01 4.454082629076154820e-01
1.633459154043940820e-01 4.355225103319601554e-01
1.652374249790364569e-01 4.264252397075592449e-01
1.671508241457172472e-01 4.181059578081172123e-01
1.690863688936197762e-01 4.105340249515190276e-01
1.710443178490936578e-01 4.036573423934129434e-01
1.730249323226922264e-01 3.974042536992431485e-01
1.750284763581697878e-01 3.916856432505900765e-01
1.770552167835202362e-01 3.863993862217324771e-01
1.791054232641400568e-01 3.814314616787255474e-01
1.811793683582016701e-01 3.766628583298761157e-01
1.832773275743252439e-01 3.720282905705663001e-01
1.853995794316387058e-01 3.673622196948225227e-01
1.875464055223189652e-01 3.625295752516557446e-01
1.897180905767095471e-01 3.574302266504945647e-01
1.919149225311122531e-01 3.519846626726603200e-01
1.941371925983533808e-01 3.461378410493770597e-01
1.963851953412283635e-01 3.398619677677224282e-01
1.986592287489304665e-01 3.331574542831792773e-01
2.009595943165744247e-01 3.260532470841971953e-01
2.032865971279264883e-01 3.186043416895893987e-01
2.056405459414587800e-01 3.108870962154615114e-01
2.080217532798469271e-01 3.029963414118923004e-01
2.104305355230361441e-01 2.950377601253532656e-01
2.128672130050029976e-01 2.871224363451450046e-01
2.153321101143459426e-01 2.793594827452814400e-01
2.178255553988416582e-01 2.718517819367833321e-01
2.203478816741089863e-01 2.646869367758786784e-01
2.228994261365279117e-01 2.579359497418275970e-01
2.254805304805657662e-01 2.516487431845710332e-01
2.280915410206693084e-01 2.458528169058185053e-01
2.307328088178871583e-01 2.405471069573525134e-01
2.334046898113933399e-01 2.357119253450676855e-01
2.361075449550899819e-01 2.313041219589185571e-01
2.388417403594742805e-01 2.272580322280737253e-01
2.416076474389626527e-01 2.234941594276924626e-01
2.444056430648732237e-01 2.199230419938121017e-01
2.472361097242767314e-01 2.164494608532160913e-01
2.500994356849352007e-01 2.129822588996003463e-01
2.529960151665567314e-01 2.094324362333824519e-01
2.559262485186075131e-01 2.057378269420076788e-01
2.588905424049304238e-01 2.018484554464556879e-01
2.618893099954336945e-01 1.977419416657291151e-01
2.649229711651249763e-01 1.934215541952389317e-01
2.679919527007792457e-01 1.889168605853914218e-01
2.710966885155439154e-01 1.842796991021892483e-01
2.742376198717992875e-01 1.795775023807829884e-01
2.774151956126086338e-01 1.748877593786336559e-01
2.806298724021099034e-01 1.702897246037325674e-01
2.838821149752183692e-01 1.658551097304432620e-01
2.871723963970306270e-01 1.616423545803896411e-01
2.905011983323391722e-01 1.576908749429771772e-01
2.938690113256903214e-01 1.540196778725759497e-01
2.972763350924412240e-01 1.506242764998608485e-01
3.007236788212970247e-01 1.474789622838444114e-01
3.042115614888351582e-01 1.445416182540447403e-01
3.077405121865540161e-01 1.417576859934267797e-01
3.113110704610109747e-01 1.390669999647288768e-01
3.149237866676495856e-01 1.364098135951947177e-01
3.185792223389494193e-01 1.337345034098860186e-01
3.222779505675671952e-01 1.310024471539441016e-01
3.260205564051804061e-01 1.281911936652086748e-01
3.298076372777841159e-01 1.252979024440314115e-01
3.336398034182368466e-01 1.223373326829735319e-01
3.375176783168999384e-01 1.193370805084985053e-01
3.414418991912664403e-01 1.163334077646613618e-01
3.454131174755281086e-01 1.133794681216138828e-01
3.494319993310903150e-01 1.105123868677816978e-01
3.534992261791063406e-01 1.077660467494379881e-01
3.576154952561677591e-01 1.051656198975605278e-01
3.617815201943633263e-01 1.027093566541718989e-01
3.659980316269925149e-01 1.003932662179604640e-01
3.702657778213034323e-01 9.819383963971725637e-02
3.745855253397143425e-01 9.608201500507397574e-02
3.789580597310721610e-01 9.402263533882175561e-02
3.833841862536033207e-01 9.198377712663249883e-02
3.878647306313232068e-01 8.994023045753940515e-02
3.924005398457879323e-01 8.787843026216253517e-02
3.969924829651976794e-01 8.580036133338611593e-02
4.016414520130009436e-01 8.371340151079741110e-02
4.063483628782925683e-01 8.163629932008791001e-02
4.111141562704597741e-01 7.959114783319401476e-02
4.159397987206999159e-01 7.760078426697937515e-02
4.208262836332204437e-01 7.568012432037682369e-02
4.257746323891281048e-01 7.383884307657398449e-02
4.307858955062330852e-01 7.207771888957464901e-02
4.358611538582251033e-01 7.038540856683395130e-02
4.410015199569318201e-01 6.874803344625006474e-02
4.462081393016422148e-01 6.714855503298111650e-02
4.514821917997761669e-01 6.557166472204026264e-02
4.568248932634993986e-01 6.400555688919652708e-02
4.622374969872354300e-01 6.244807118850125016e-02
4.677212954114037813e-01 6.090107468554521730e-02
4.732776218781237776e-01 5.937270692410109157e-02
4.789078524850771679e-01 5.787344364432723404e-02
4.846134080442052738e-01 5.641325215754031813e-02
4.903957561524525666e-01 5.499823711433571294e-02
4.962564133823498813e-01 5.362997972621791343e-02
5.021969476008617539e-01 5.230520218867813764e-02
5.082189804256190824e-01 5.101689127986865080e-02
5.143241898284153235e-01 4.975695880948263761e-02
5.205143128966752686e-01 4.851761294503210975e-02
5.267911487645151603e-01 4.729650874564295809e-02
5.331565617260142220e-01 4.609311474194528052e-02
5.396124845444109086e-01 4.490844356887840200e-02
5.461609219721456077e-01 4.374777170735337506e-02
5.528039544979986841e-01 4.261435724963284072e-02
5.595437423390324794e-01 4.151215646563811978e-02
5.663825296966592537e-01 4.044256992337931511e-02
5.733226492979367483e-01 3.939796172194582474e-02
5.803665272451600243e-01 3.837481275895097965e-02
5.875166881989928314e-01 3.737696893538029752e-02
5.947757609227959374e-01 3.639515435325722803e-02
6.021464842184786059e-01 3.543113588501364125e-02
6.096317132871735822e-01 3.448670127471870073e-02
6.172344265513319828e-01 3.356273758295865578e-02
6.249577329785102053e-01 3.266118232254287129e-02
6.328048799512168143e-01 3.178130416578415357e-02
6.407792617317544792e-01 3.092271056042695740e-02
6.488844285760989594e-01 3.008327413228741032e-02
6.571240965565737779e-01 2.926147963256354317e-02
6.655021581594764424e-01 2.845652663491403042e-02
6.740226937310005439e-01 2.766832806651820659e-02
6.826899838528688313e-01 2.689720144712420824e-02
6.915085227381732036e-01 2.614370018331745038e-02
7.004830327481587071e-01 2.540749260625129596e-02
7.096184801422391608e-01 2.468821119201632108e-02
7.189200921865915861e-01 2.398494188940724497e-02
7.283933757614619031e-01 2.329687043915664585e-02
7.380441376240804985e-01 2.262335264654737402e-02
7.478785065031197110e-01 2.196454021836366163e-02
7.579029572222880651e-01 2.132048341388018131e-02
7.681243370753289001e-01 2.069068558493052795e-02
7.785498947028532957e-01 2.007511089275215016e-02
7.891873117536312154e-01 1.947306773227059848e-02
8.000447376498278640e-01 1.888398033426872194e-02
8.111308278179596432e-01 1.830781734940912717e-02
8.224547857959232378e-01 1.774436457623993629e-02
8.340264096823690743e-01 1.719325439406734629e-02
8.458561434591463923e-01 1.665445039671597377e-02
8.579551337919827381e-01 1.612733787759583134e-02
8.703352930006500454e-01 1.561167195968027853e-02
8.830093689896034714e-01 1.510733301181871324e-02
8.959910230457862612e-01 1.461405923340148953e-02
9.092949165447458126e-01 1.413146761948298399e-02
9.229368077626211031e-01 1.365999083783730160e-02
9.369336601737856540e-01 1.319785773480834298e-02
9.513037638264094653e-01 1.274660602523268460e-02
9.660668716361979769e-01 1.230439373782189066e-02
9.812443527281592415e-01 1.187251956928740346e-02
9.968593652945076933e-01 1.144961382746484575e-02
1.012937051831835689e+00 1.103571703267687380e-02
1.029504760081621395e+00 1.063048464211206919e-02
1.046592293535256513e+00 1.023423234610174211e-02
1.064232195989081697e+00 9.846383781289548900e-03
1.082460075358010254e+00 9.466641761803418556e-03
1.101314972789364077e+00 9.094513405437884904e-03
1.120839784071111067e+00 8.731167095820566507e-03
1.141081741406291483e+00 8.374704495178783570e-03
1.162092964825909513e+00 8.026148341208539164e-03
1.183931093820186131e+00 7.685490284587473062e-03
1.206660011144275124e+00 7.351184002496059973e-03
1.230350672124062461e+00 7.024340577144160165e-03
1.255082054017310211e+00 6.703525665489381592e-03
1.280942240852919856e+00 6.390363643181778269e-03
1.308029659319796201e+00 6.082983166952902164e-03
1.336454480151451518e+00 5.782422615226005293e-03
1.366340196211528912e+00 5.488232715560726130e-03
1.397825381887030094e+00 5.200605605722399827e-03
1.431065626662028745e+00 4.918942794593181116e-03
1.466235616423324339e+00 4.643213367262328389e-03
1.503531305932218176e+00 4.373962424707625307e-03
1.543172081109089655e+00 4.110974006186990035e-03
1.585402746274690911e+00 3.854291229068023805e-03
1.630495086346107625e+00 3.603950455201733807e-03
1.678748648029652513e+00 3.360789551524537722e-03
1.730490266502594299e+00 3.124269679589222835e-03
1.786071759332849007e+00 2.895727282890430982e-03
1.845865164732111374e+00 2.674359061818665922e-03
1.910254990760100968e+00 2.461449142194476348e-03
1.979627257085756709e+00 2.257589679101953874e-03
2.054355723281338086e+00 2.063249830489078188e-03
2.134786589349577213e+00 1.879002034785045346e-03
2.221223933764790992e+00 1.705440311112470545e-03
2.313918828723302568e+00 1.543054626161831453e-03
2.413064967286824292e+00 1.392080305449172649e-03
2.518802485476943520e+00 1.252811006395343832e-03
2.631229698077042656e+00 1.124657197571936502e-03
2.750420437220807202e+00 1.007959352529726009e-03
2.876443453763488645e+00 9.022035330822318622e-04
3.009380359370346092e+00 8.063902383985621040e-04
3.149339644422008977e+00 7.200842322846401572e-04
3.296465774067269816e+00 6.425229368227841414e-04
3.450943629576638028e+00 5.728747818695305088e-04
3.612999312827414045e+00 5.107115539558715811e-04
3.782898568022299735e+00 4.550350598598732529e-04
3.960943962661303885e+00 4.051247027205428673e-04
4.147471696856902312e+00 3.606982943047889892e-04
4.342848611126284730e+00 3.211313363444979877e-04
4.547469708251834497e+00 2.856710284822122311e-04
4.761756318022430712e+00 2.541984258526112255e-04
4.986154912286059115e+00 2.261586572413164231e-04
5.221136509015418703e+00 2.010535314016213295e-04
5.467196573270715731e+00 1.787397050789411661e-04
5.724855316924085002e+00 1.586367527864440241e-04
5.994658307439460820e+00 1.411497199897198079e-04
6.277177311355120359e+00 1.254340288982133905e-04
6.573011315355264728e+00 1.113637411180065071e-04
6.882787683923626609e+00 9.886436604128694247e-05
7.207163426052079380e+00 8.775373210443626279e-05
7.546826553885717104e+00 7.787369855697801448e-05
7.902497523713231331e+00 6.917538403158817405e-05
8.274930754859205706e+00 6.140445174368902961e-05
8.664916225390873805e+00 5.449531133390830579e-05
9.073281145656858726e+00 4.830911708357180898e-05
9.500891711964351671e+00 4.278662750513190140e-05
9.948654943489964708e+00 3.801511705437537607e-05
1.041752060602073726e+01 3.368713612463163152e-05
1.090848322646814594e+01 2.986921127792569475e-05
1.142258420236781724e+01 2.644260181953834516e-05
1.196091401081417338e+01 2.346256822501928342e-05
1.252461452150540389e+01 2.077784896254897379e-05
1.311488141880113822e+01 1.841332771379584633e-05
1.373296673792895106e+01 1.627822696753188200e-05
1.438018152071883726e+01 1.442316522863033386e-05
1.505789859649869555e+01 1.273237024524327868e-05
1.576755549404935586e+01 1.130224983695568008e-05
1.651065749079588940e+01 1.002012447759477866e-05
1.728878080570280673e+01 8.874215462469208038e-06
1.810357594264584336e+01 7.850415696203258704e-06
1.895677119135194033e+01 6.928939120598124146e-06
1.985017629333347955e+01 6.132690043984302414e-06
2.078568628059267454e+01 5.408118606447183304e-06
2.176528549523851197e+01 4.797343168355980525e-06
2.279105179854240859e+01 4.239433172745904906e-06
2.386516097836055650e+01 3.757659078434486434e-06
2.498989136427167779e+01 3.333904298111160887e-06
2.616762866021951695e+01 2.924724325272890053e-06
2.740087100491076910e+01 2.601814345234834870e-06
2.869223427070221177e+01 2.295305320860852390e-06
3.004445761221666800e+01 2.021360555956583098e-06
3.146040927645723784e+01 1.787275626086337978e-06
3.294309268674371793e+01 1.577888996401720265e-06
3.449565281337616796e+01 1.389636007477620136e-06
3.612138284453851611e+01 1.228049277736067885e-06
3.782373117159228570e+01 1.089446645671757489e-06
3.960630870357698541e+01 9.548121822173722509e-07
4.147289652643227953e+01 8.436993202956852649e-07
4.342745392318823150e+01 7.474332869497443463e-07
4.547412677213543475e+01 6.579210777156537898e-07
4.761725634078872105e+01 5.826996976185859471e-07
4.986138849429758579e+01 5.151574747229581425e-07
5.221128333783566688e+01 4.536522938497207900e-07
5.467192531342198691e+01 3.987577644563986042e-07
5.724853377259078968e+01 3.518276240628823544e-07
5.994657404733588635e+01 3.087439806671292724e-07
6.277176904281255787e+01 2.722159493478179935e-07
6.573011137638671642e+01 2.395615407087645433e-07
6.882787608877974606e+01 2.141466900315214102e-07
7.207163395427116370e+01 1.870935941005064982e-07
7.546826541819187639e+01 1.675522568697420786e-07
7.902497519127118153e+01 1.454986915119908539e-07
8.274930753179414467e+01 1.281428155881481815e-07
8.664916224798497524e+01 1.149534559162588257e-07
9.073281145455933938e+01 9.652145134177102063e-08
9.500891711898874803e+01 8.713348240131902719e-08
9.948654943469495038e+01 7.876713996937290142e-08
1.041752060601461665e+02 6.700958777018589622e-08
1.090848322646641435e+02 6.050777583044087478e-08
1.142258420236736924e+02 5.325433332111926800e-08
1.196091401081408634e+02 4.693076738047520944e-08
1.252461452150541561e+02 4.054582217531143553e-08
1.311488141880117837e+02 3.564382362681003680e-08
1.373296673792900151e+02 3.129280091773297101e-08
1.438018152071889517e+02 2.717339965321992664e-08
1.505789859649875382e+02 2.402078983149092109e-08
1.576755549404941803e+02 2.138475052663404853e-08
1.651065749079595264e+02 1.832807490954837688e-08
1.728878080570287636e+02 1.732723139657063281e-08
1.810357594264591512e+02 1.492042804462322235e-08
1.895677119135201281e+02 1.205937600755498107e-08
1.985017629333355558e+02 1.103021948922953502e-08
2.078568628059275056e+02 9.649143439259226319e-09
2.176528549523859226e+02 8.848407752947422529e-09
2.279105179854249172e+02 7.264035082173520948e-09
2.386516097836064318e+02 7.038002551047244447e-09
2.498989136427176732e+02 5.599556052826827321e-09
2.616762866021961145e+02 5.626898600647131978e-09
2.740087100491086858e+02 4.019451119906995779e-09
2.869223427070231196e+02 3.753634272255429318e-09
3.004445761221678026e+02 3.334970841254752476e-09
3.146040927645735792e+02 3.258273124853898731e-09
3.294309268674384725e+02 2.472996734671164764e-09
3.449565281337629017e+02 2.346149288932711759e-09
3.612138284453864685e+02 1.590195986352709498e-09
3.782373117159242497e+02 2.223498687381339514e-09
3.960630870357712752e+02 1.678964019476024385e-09
4.147289652643242448e+02 1.513763899796620022e-09
4.342745392318837503e+02 1.459383371804794048e-09
4.547412677213558823e+02 9.906780309347728717e-10
4.761725634078887879e+02 8.727312947962437260e-10
4.986138849429775064e+02 8.040627455398976207e-10
5.221128333783583457e+02 7.636916435136833738e-10
5.467192531342217308e+02 6.977384270502383128e-10
5.724853377259098579e+02 4.998308616748172205e-10
5.994657404733608246e+02 4.973210638039484125e-10
6.277176904281277530e+02 3.435069987515462906e-10
6.572353836524931694e+02 2.874402485641058798e-10
